G_A G_B K_A K_B TH_B_A TH_A_B N_B_A N_A_B FC_B_A FC_A_B
1 15.7720337894 88.0315269152 0.891026097999 0.849758437863 11.3517266597 24.6142941087 3 1 70.4548779982 51.7317571054
2 35.2848942282 18.5959534097 0.106754467005 0.1730678829 39.4365674659 15.975846286 4 5 13.2784068252 49.6638490238
3 71.9008055929 68.0633624681 0.766748325962 0.323702311253 17.2777084853 29.1212437364 1 4 84.3400898732 11.3209739167
4 13.0066895229 30.8696398002 0.114507120317 0.995674249946 46.3997179554 47.8784947477 5 1 36.2766336769 86.9249355778
5 29.1919844171 44.9308068019 0.287999074979 0.576182525802 53.2415466391 41.9311947019 1 5 75.0876801772 88.5169932024
6 74.2720290941 52.2273528103 0.186072894625 0.459666513173 21.3712727606 3.62952413875 5 5 91.6003927291 9.27242610192
7 44.2741659211 12.2556228018 0.343172072972 0.217127677578 29.3212120987 18.4146731333 1 3 61.4497486708 36.0601807008
8 77.4838254718 31.4811824655 0.445421963223 0.323187129488 34.6999840014 1.06487565687 5 5 31.1881291939 5.44381095712
9 68.3650426183 17.1943228002 0.565715475536 0.682009762377 47.1798145469 54.7884444495 1 1 92.9450180017 54.6274328227
10 85.4709922451 37.641588258 0.321546824733 0.987408124139 52.7061465338 47.5089426841 4 5 11.8053800902 75.2603813812
11 86.1088974496 79.7304731725 0.306177094479 0.675884175979 1.09570037988 24.172752785 1 2 10.4955400561 82.2133361774
12 24.9210176524 96.6944577553 0.584688100151 0.22826508091 3.68672340223 18.1647186304 2 5 85.0218830433 71.9291036131
13 3.34153972187 13.9569474545 0.195070605366 0.219294876349 42.0762924934 31.8290495723 3 5 19.5104991539 2.6763206277
14 52.6777164151 52.0804956927 0.68081764517 0.968480843833 30.0285846681 49.4505827559 2 2 84.9686057135 15.8904147574
15 98.6208544847 82.6647867302 0.947043832685 0.935380662912 16.5800011023 4.67330159487 5 3 99.3980937316 31.3996810745
16 62.7888474332 80.772462301 0.108889546082 0.931440066516 41.7878307205 34.2664866871 2 1 3.25204882686 52.2749313311
17 26.9963397292 16.7542360551 0.746999954172 0.300181969288 2.61610419015 14.1012641071 2 5 24.8793024394 24.0328322033
18 62.6842603916 39.5623989321 0.94857113188 0.7223647477 8.60769975449 28.6487575158 2 4 85.6872505381 74.0304579151
19 11.0959467067 95.1391673145 0.190814167324 0.381527486045 13.4690409679 37.1888597107 1 5 79.07467067 26.6687105137
20 45.9395037692 44.7617164063 0.688116311 0.81882747611 43.6335023388 14.9569413808 5 3 46.5642515778 22.021671515
21 8.45964019134 82.9656999899 0.313719442557 0.939825568809 35.6144869595 47.9457530498 3 3 29.7325645533 5.54492431949
22 29.3296014654 79.8384753383 0.724327367361 0.296747611564 11.3270417814 50.5066696338 2 4 1.80854860324 10.5915758368
23 72.8829664333 77.0943270272 0.75268196344 0.210891108725 20.4232135473 31.3514464145 3 3 21.8382876387 89.765703807
24 39.3098145713 75.5360571348 0.624942816084 0.875449207774 19.7809056885 13.6478308903 5 5 12.3443271219 6.15430484197
25 88.4461486964 37.9224833567 0.20359614799 0.627925495313 15.6011624751 22.0687512424 4 5 44.2813799149 37.7919588829
26 2.03927531406 35.584854002 0.83504676844 0.109651605229 7.75819351167 5.24797579008 1 1 77.3679981445 28.5119122922
27 25.1347635588 17.8496724476 0.78502344516 0.998406703194 5.88456850278 44.0609439232 3 3 39.2086494516 51.4626855841
28 95.1538230345 11.6026967105 0.664507015995 0.694514281709 31.1630258301 41.576000458 2 3 62.6623005083 27.4876030238
29 90.5127070115 91.7199864676 0.71173690523 0.567540762558 49.7131098959 27.9593375414 1 3 62.3067584606 55.2833489462
30 71.7942838252 7.97538897216 0.133842974097 0.497745896499 37.9749393171 14.0227977512 1 4 37.8996178024 80.4731226586
31 13.0190513267 34.5957232827 0.449260798844 0.488804562582 43.197307459 4.30798428513 1 2 36.2787753089 69.3574899647
32 64.6318889769 70.1213032756 0.110157418698 0.322646838298 17.3703023401 53.3140102675 1 5 48.3467057669 20.2062992133
33 64.0488132234 92.8219548803 0.902274350933 0.929449345268 24.0561829124 50.1005957434 2 5 83.3681540187 94.1502250336
34 89.9701019201 90.6710100659 0.130032457545 0.539531958845 18.933010068 33.7453250271 5 2 84.3516827178 80.1552188112
35 10.2961936324 62.8192707833 0.915667823873 0.657627943029 43.8871909739 7.88013224159 1 5 42.9525980011 23.8002771111
36 54.1099455058 82.0079563496 0.53649004199 0.726099731874 18.7876305306 37.3278760066 1 3 72.26744686 28.8413001574
37 43.9500441778 55.2299496342 0.654268007003 0.57839845796 54.1364056897 30.4003120762 4 2 75.1025455503 7.69122741498
38 5.4384958205 42.8777721451 0.517169475389 0.277852947146 4.96503911377 27.2099125723 3 1 84.906313445 54.1371804786
39 25.6113530755 13.9570934911 0.686157953202 0.808122825807 46.9636771295 49.9692128302 2 3 95.0296432672 7.11354047927
40 72.3938243352 46.0204533761 0.894453691523 0.735905964217 11.3237617386 37.8717604198 5 2 35.11471106 94.4515718373
41 62.9320189729 99.2127300171 0.37511719851 0.915588325998 4.23258191033 21.838343755 4 3 28.3145424077 27.67744687
42 85.0940107608 45.2280764836 0.800626867956 0.188261096109 53.6721304195 11.1159623105 1 1 88.750159103 89.074773714
43 44.1476208982 63.1019685726 0.23117269516 0.349113996759 48.5629703708 12.5295643468 4 4 23.167262021 35.9577060308
44 57.9277020503 10.9633419252 0.580982678264 0.654415291105 49.2369916985 38.3238023099 5 1 52.305075393 71.5505650039
45 92.4856751851 33.7955441831 0.151519042573 0.738274201638 40.2162598741 12.4424499444 3 3 78.7334379234 44.5199180175
46 4.65126337878 64.9353325572 0.823824919071 0.366160824492 16.576471473 21.8761686212 5 4 28.6421167841 54.2897349217
47 80.671764642 75.9973265907 0.12802804588 0.652433779026 39.019557872 19.2416594455 4 2 14.4304037651 73.1633958668
48 59.8811106297 67.9421269457 0.441504717279 0.612525984302 47.8325721702 8.02844465815 4 4 20.2032415391 58.3797148712
49 1.68995756523 25.3918048158 0.608461351965 0.117654662524 32.692654776 5.07119096185 3 2 91.2335258647 5.81504446144
50 62.6266397992 69.9709212631 0.301820982412 0.594112166857 2.23426051847 4.79183487646 3 2 16.9812330708 21.1659273214
